MULTIMODAL FUNCTIONS - FUNCTION INFORMATION
==================================================

____________________________________________________________
Function        Range           Dim    Fmin      
____________________________________________________________
ackley          [-100, 100]     30     0.000000  
ackleyn3        [-100, 100]     30     0.000000  
ackleyn4        [-100, 100]     30     0.000000  
adjiman         [-100, 100]     30     0.000000  
bartelsconn     [-100, 100]     30     0.000000  
beale           [-100, 100]     30     0.000000  
bird            [-100, 100]     30     0.000000  
bohachevskyn2   [-100, 100]     30     0.000000  
bukinn6         [-100, 100]     30     0.000000  
carromtable     [-100, 100]     30     0.000000  
crossintray     [-100, 100]     30     0.000000  
easom           [-100, 100]     30     0.000000  
eggcrate        [-100, 100]     30     0.000000  
forrester       [-100, 100]     30     0.000000  
goldsteinprice  [-100, 100]     30     0.000000  
gramacylee      [-100, 100]     30     0.000000  
griewank        [-100, 100]     30     0.000000  
happycat        [-100, 100]     30     0.000000  
himmelblau      [-100, 100]     30     0.000000  
holdertable     [-100, 100]     30     0.000000  
keane           [-100, 100]     30     0.000000  
leon            [-100, 100]     30     0.000000  
levin13         [-100, 100]     30     0.000000  
matyas          [-100, 100]     30     0.000000  
mccormick       [-100, 100]     30     0.000000  
periodic        [-100, 100]     30     0.000000  
qing            [-100, 100]     30     0.000000  
quartic         [-100, 100]     30     0.000000  
rastrigin       [-100, 100]     30     0.000000  
rosenbrock      [-100, 100]     30     0.000000  
salomon         [-100, 100]     30     0.000000  
schwefel        [-100, 100]     30     0.000000  
shubertn4       [-100, 100]     30     0.000000  
shubert         [-100, 100]     30     0.000000  
styblinskitank  [-100, 100]     30     0.000000  
wolfe           [-100, 100]     30     0.000000  
xinsheyangn2    [-100, 100]     30     0.000000  
xinsheyangn4    [-100, 100]     30     0.000000  
zakharov        [-100, 100]     30     0.000000  
____________________________________________________________