UNIMODAL FUNCTIONS - FUNCTION INFORMATION
==================================================

____________________________________________________________
Function        Range           Dim    Fmin      
____________________________________________________________
ackleyn2        [-100, 100]     30     0.000000  
bohachevskyn1   [-100, 100]     30     0.000000  
booth           [-100, 100]     30     0.000000  
brent           [-100, 100]     30     0.000000  
brown           [-100, 100]     30     0.000000  
dropwave        [-100, 100]     30     0.000000  
exponential     [-100, 100]     30     0.000000  
powellsum       [-100, 100]     30     0.000000  
ridge           [-100, 100]     30     0.000000  
schaffern1      [-100, 100]     30     0.000000  
schaffern2      [-100, 100]     30     0.000000  
schaffern3      [-100, 100]     30     0.000000  
schaffern4      [-100, 100]     30     0.000000  
schwefel220     [-100, 100]     30     0.000000  
schwefel221     [-100, 100]     30     0.000000  
schwefel222     [-100, 100]     30     0.000000  
schwefel223     [-100, 100]     30     0.000000  
sphere          [-100, 100]     30     0.000000  
sumsquares      [-100, 100]     30     0.000000  
threehumpcamel  [-100, 100]     30     0.000000  
trid            [-100, 100]     30     0.000000  
xinsheyangn3    [-100, 100]     30     0.000000  
____________________________________________________________