UNIMODAL FUNCTIONS - GA vs PSO COMPARISON
==================================================

________________________________________________________________________________
Function        GA                   PSO                 
                Avg      Std      Rank Avg      Std      Rank
________________________________________________________________________________
ackleyn2        -199.336330 0.356289 1    -199.811500 0.101117 1   
bohachevskyn1   0.999930 0.786623 18   0.393294 0.235853 17  
booth           0.272710 0.290225 16   0.000304 0.000379 14  
brent           0.026175 0.030510 11   0.000000 0.000000 7   
brown           0.002196 0.002471 8    0.000112 0.000110 13  
dropwave        -0.935606 0.001202 6    -0.996494 0.003524 6   
exponential     -0.998493 0.001738 4    -0.999971 0.000021 4   
powellsum       0.000016 0.000015 7    0.000000 0.000000 8   
ridge           -9.949273 0.025981 2    -9.999809 0.000148 2   
schaffern1      0.039640 0.058295 14   0.000013 0.000008 9   
schaffern2      0.033635 0.031835 12   0.000043 0.000046 11  
schaffern3      0.055617 0.037145 15   0.002656 0.000814 15  
schaffern4      0.300846 0.006558 17   0.293546 0.000267 16  
schwefel220     7.194511 5.733270 20   29.417075 3.798936 19  
schwefel221     6.723331 1.229335 19   32.459958 2.024267 20  
schwefel222     17.682534 5.546782 21   66.726369 16.142872 21  
schwefel223     407748.871656 762831.409483 22   844791115.542462 703556389.470702 22  
sphere          0.038505 0.032711 13   0.408354 0.104369 18  
sumsquares      0.008065 0.010284 10   0.000080 0.000081 12  
threehumpcamel  0.007454 0.009200 9    0.000038 0.000049 10  
trid            -1.961842 0.062310 3    -1.999925 0.000055 3   
xinsheyangn3    -0.992158 0.003720 5    -0.999857 0.000051 5   
________________________________________________________________________________